----------
Gauss-Jacobi Otimizado
x1 = 5.97998471431189
x2 = -6.46518947776089
x3 = 2.48082830418439
x4 = 3.63472824132156
x5 = 8.86582871892304
x6 = -4.49254520923679
x7 = 1.05847917777658
x8 = 3.94622170167213
x9 = -3.45382887723043
x10 = 3.81203060602592
x11 = -6.43304296653925
x12 = 2.12037460923941
x13 = -1.2746612629968
x14 = -7.17190054900963
x15 = 1.16574730140449
x16 = 8.59000474334742
x17 = -9.16826924540004
x18 = 3.07328749025914
x19 = 4.35366343419101
x20 = 8.28632625784419
x21 = -7.78780651928243
x22 = -7.72254364031523
x23 = -0.279421027970094
x24 = 8.14867900928058
x25 = 1.22684929676247
x26 = 6.88855211201335
x27 = 7.31739707985637
x28 = 1.73575255496924
x29 = 0.351959511150516
x30 = 4.159123165566
x31 = -7.48612859113905
x32 = -3.66794819574583
x33 = 7.69381754243548
x34 = 4.99460730248274
x35 = 9.96668559225749
x36 = 6.55974219554203
x37 = -9.49782501796865
x38 = 1.02525761013624
x39 = 0.506074045713853
x40 = -2.95176056353132
x41 = -5.16260087567578
x42 = 4.07291420669365
x43 = 9.16852039746355
x44 = 3.56263880535234
x45 = 6.90090932270564
x46 = 0.334367518314001
x47 = 2.15273141804521
x48 = 7.7325440262178
x49 = -6.59224993698415
x50 = -3.49350635064025
x51 = 6.01897014019783
x52 = -4.38015387071607
x53 = -1.2161452155037
x54 = -4.260352998732
x55 = -6.23138359902443
x56 = -9.98920178824497
x57 = -7.3716933857256
x58 = -8.91387807786639
x59 = 1.74645664693252
x60 = 2.98017760382083
x61 = 5.2451463859396
x62 = 4.26022971162792
x63 = 9.31211653899916
x64 = 2.93907580964616
x65 = -0.745053750753672
x66 = 9.27891204514203
x67 = -0.501076595301759
x68 = -0.242976512378538
x69 = 0.304258570394357
x70 = -9.9948964426987
x71 = 6.80516565186482
x72 = 5.1415572864694
x73 = 4.07791620065832
x74 = 5.97379108937471
x75 = -1.29570688486877
x76 = 0.978932569918532
x77 = -3.69173588908321
x78 = -9.14288583714189
x79 = -1.28842309432705
x80 = -0.28409307134189
x81 = -2.63648656117067
x82 = -5.26935185648107
x83 = 5.33565262811089
x84 = 6.14725606095552
x85 = 0.470209385701979
x86 = 9.10416384630292
x87 = 6.15795819472654
x88 = 3.09842313703703
x89 = -9.80960462718656
x90 = -2.0954893006916
x91 = -3.92130635780759
x92 = 5.43543579306648
x93 = -7.83515626787013
x94 = -4.60908392386988
x95 = -1.6253992427315
x96 = 1.4196908072718
x97 = -5.33007494828657
x98 = 7.8734188329981
x99 = -8.82318643704109
x100 = 4.97408629736178
x101 = 7.8784295058438
x102 = 7.98187517852862
x103 = 0.115734812555605
x104 = 1.95643983957729
x105 = 3.95576745465808
x106 = 8.81992550767256
x107 = -7.06452376587105
x108 = -9.73587206537976
x109 = 9.67696272180441
x110 = 1.64694458521172
x111 = -0.0200634917142159
x112 = -2.95943339610719
x113 = 6.37750329392279
x114 = -4.68431396192151
x115 = -6.8120704907981
x116 = -3.15219465445082
x117 = -5.58005071032469
x118 = 9.34578984262932
x119 = 9.9461284226028
x120 = -5.38975477899241
x121 = -2.74961062546075
x122 = -3.975082047042
x123 = -9.95423167749397
x124 = -0.584858369115458
x125 = 1.4157405606724
x126 = -1.57972123927128
x127 = -9.16506815461447
x128 = 6.08554826765622
