----------
Gauss-Jacobi Otimizado
x1 = 5.37453011572286
x2 = 7.82562437555161
x3 = 7.28736551627783
x4 = -6.74792828235003
x5 = 4.83661152773721
x6 = -2.43786220158548
x7 = -0.7654037011242
x8 = 1.48912569831515
x9 = 9.65132083647635
x10 = -2.12570054340372
x11 = -0.671549640036777
x12 = -8.5772946476807
x13 = 7.69469776181515
x14 = -1.30459423333693
x15 = -7.41052575848446
x16 = 6.37370338700129
x17 = 9.57818688124586
x18 = 3.61842268109703
x19 = 8.0951110760458
x20 = 3.4827234741707
x21 = 7.70501893067153
x22 = -7.97309630918267
x23 = 5.589525617971
x24 = 0.275520725510322
x25 = -6.72982697332507
x26 = 8.68433097292665
x27 = 5.12397116925811
x28 = -7.78539391885951
x29 = 2.48231754445527
x30 = 7.00020563246725
x31 = -1.26455533291986
x32 = -2.14306207476574
x33 = 4.8259632853658
x34 = -3.97710792101992
