----------
Gauss-Jacobi Otimizado
x1 = -8.64177886098129
x2 = -3.30111906771286
x3 = -8.1504447738999
x4 = 0.176269029563889
x5 = 9.94639143408236
x6 = 3.55691082407372
x7 = -3.07382539503457
x8 = -6.06574684089824
x9 = -1.77048879999116
x10 = 6.04331970094066
x11 = -0.441248491378644
x12 = 9.15685212378237
x13 = -7.46517514429684
x14 = 4.99490764296794
x15 = 5.9633089542493
x16 = 8.04540313389633
x17 = 2.99954082780974
x18 = -5.09687741861099
x19 = 9.54948333325481
x20 = 4.44733515912566
x21 = 8.91639579687519
x22 = 9.85545625851174
x23 = 5.99045925215489
x24 = 5.11961146803391
x25 = -1.06545240386238
x26 = -5.75008060399783
x27 = 3.66085567022711
x28 = -6.47158242389256
x29 = 8.51038366576779
x30 = 8.79429559227731
x31 = 3.26335048780632
x32 = 9.86848301879177
x33 = -4.50671302876808
x34 = 5.11278927179503
x35 = 0.0448541205065935
x36 = -4.5602169697058
x37 = -1.3302051330507
x38 = 6.97093414439454
x39 = -0.626060893124357
x40 = 6.89920765059278
x41 = 3.01432835918887
x42 = 8.93259782479164
x43 = 6.05615630935196
x44 = 5.54904050752901
x45 = 3.92760688379205
x46 = 2.01956528803284
x47 = 3.59453574122592
x48 = -3.07274730641517
x49 = 6.92259322731686
x50 = 3.14413197029803
x51 = -8.62529921090259
x52 = 5.83908893560844
x53 = 2.99968831732784
x54 = 7.36503071351867
x55 = 0.958816789229031
x56 = -8.0656613923164
x57 = -8.38494397213833
x58 = -5.3802207441617
x59 = -4.53736591500185
x60 = -9.87447679488875
x61 = -6.58582217442086
x62 = 8.72588855375728
x63 = 9.99390337153486
x64 = -1.09264211466656
x65 = 3.8387751869101
x66 = 0.0388618140072998
x67 = 4.34703719684902
x68 = -7.4913166118151
x69 = -2.99010615115275
x70 = -6.27891081129394
x71 = 9.40778892799083
x72 = -9.97568640604049
x73 = -7.34623078430725
x74 = 5.46403511772712
x75 = 5.57327067365908
x76 = 6.58128819884362
x77 = -2.51630425619406
x78 = -0.832079589217842
x79 = -6.49137514107227
x80 = -5.59361884858378
x81 = -7.68786201555634
x82 = -5.11677853102584
x83 = -9.75441643784045
x84 = 5.31173388832839
x85 = -7.75162429321592
x86 = 1.20429663107618
x87 = 7.24595104129701
x88 = -6.13668353448289
x89 = 5.82397669157291
x90 = -7.29131143807583
x91 = -6.01124683731919
x92 = 9.23806037505934
x93 = -8.56530758954644
x94 = -6.0172492854346
x95 = -1.85447931191656
x96 = 5.27336225307038
x97 = 4.02150807991107
x98 = -7.50734352642958
x99 = 7.7819413504128
x100 = -8.96851880372849
