----------
Gauss-Jacobi
x1 = -3.80534876799723
x2 = 7.77505267767108
x3 = -2.03613675492446
x4 = -6.77362561543383
x5 = -0.264162584668521
x6 = 8.02422978320354
x7 = 0.47846597051512
x8 = 5.70516228186909
x9 = 9.67130832375503
x10 = -3.50477980168577
x11 = -5.68417877582224
x12 = 7.81685493453021
x13 = -1.31293368227144
x14 = -9.05244128147014
x15 = -3.603051474218
x16 = -9.91179658791099
x17 = -9.45577274620119
x18 = -9.27490838383411
x19 = -1.67588806819455
x20 = 7.37270513559221
x21 = 8.35929748077427
