----------
Gauss-Jacobi
x1 = -4.80726662121434
x2 = 8.91457222689291
x3 = 0.0721529800762269
x4 = 3.74094759538532
x5 = -6.83895162522122
x6 = -7.36399784103182
x7 = 6.69711089994105
x8 = 2.31736365845814
x9 = 5.12064728671692
x10 = -6.08511250770222
x11 = 7.33894334740233
x12 = 9.9277635732284
x13 = -9.40995306914296
x14 = 3.36188760094947
x15 = -9.78538356390993
x16 = -5.88134307194823
x17 = -1.71725420639737
x18 = -4.52936580254014
x19 = 9.82631873365579
x20 = -3.5961761941122
x21 = 8.31440993987627
x22 = 2.3883457133089
x23 = -0.228395627126155
x24 = 8.72917589134333
x25 = -6.97904888502943
x26 = -9.59150002835508
x27 = 8.87888567843736
x28 = -6.50473942977026
x29 = 4.99683634554248
x30 = 6.84581519159654
x31 = -6.88634462078952
x32 = -9.8103363581281
x33 = 5.76046814756593
x34 = 3.18572017854823
x35 = 3.93050142086563
x36 = 8.92142369598159
x37 = 5.82161445186596
x38 = 0.627698749557513
x39 = 1.23889273986362
x40 = 0.942365447626798
x41 = 4.54247206672157
x42 = -1.42205958478542
x43 = 0.870261312008568
x44 = 5.13241537903053
x45 = -8.06007389332866
x46 = 1.08480511980451
x47 = 9.25097692354758
x48 = 0.22259320079796
x49 = 6.55532879453666
x50 = 9.07734722591736
