----------
Gauss-Jacobi
x1 = 6.69755300854121
x2 = -9.056519503478
x3 = -6.73601258255832
x4 = 3.93161514373904
x5 = 8.71717766464376
x6 = -2.73718142213645
x7 = 0.341035174753848
x8 = 2.92276522320743
x9 = 2.31746377288297
x10 = 5.83839935051799
x11 = 3.71659854428937
x12 = 8.13717130121039
x13 = -1.8788666120684
x14 = 9.27689414555772
x15 = 5.67073914484379
x16 = 1.09331907335338
x17 = -9.4759387149134
x18 = -1.9323360324865
x19 = 6.27368482792944
x20 = 3.94150654718887
x21 = 7.10460163584361
x22 = 3.11025591564306
x23 = 1.47563556486638
x24 = -0.868400845264248
x25 = 9.50516505612817
x26 = -1.85101721002507
x27 = -5.68976987984085
x28 = 2.81678526001031
x29 = 9.54429877874553
x30 = 4.61450782179345
x31 = 3.53917771542111
x32 = 6.24197589733294
