----------
Gauss-Jacobi
x1 = -0.0832230297885992
x2 = -0.86093325541313
x3 = -2.25695751638226
x4 = 0.7491361922737
x5 = -4.5687452828875
x6 = 9.76192331166137
x7 = -3.87343935038526
x8 = -6.77762111919881
x9 = -7.22237387067594
x10 = 3.12769321545652
x11 = -3.92899913516299
x12 = -3.26903477282528
x13 = 5.48121165109225
x14 = 0.193193008278774
x15 = -1.80884358092795
x16 = 6.98726588093658
x17 = -5.01205043967364
x18 = 3.78183827396873
x19 = -2.82384733872423
x20 = -2.84550370869679
x21 = -1.18632006170071
x22 = 9.45864142954387
x23 = -4.75917487479486
x24 = -1.13075169732639
x25 = -3.24644444924877
x26 = 0.216996110164314
x27 = 1.9068696759734
x28 = 7.66883467695156
x29 = -5.38641910513237
x30 = -6.5082246539331
x31 = 7.88955435622892
x32 = 4.5302413337309
x33 = 2.63076168654401
x34 = -4.3673033067754
x35 = -4.72052666623425
x36 = 8.0619012173735
x37 = -4.60527032457599
x38 = 1.40595716932817
x39 = -8.71562928069651
x40 = -1.82772953628566
x41 = -5.46623142894946
x42 = -2.644719722618
x43 = 4.90311730839198
x44 = -9.98496930448896
x45 = 7.54838092951698
x46 = -6.90561085881007
x47 = 7.00222869439275
x48 = -7.46359382463469
x49 = 6.87611142148348
x50 = -5.82151372193799
x51 = -0.309200242965562
x52 = -4.31009675469585
x53 = -6.36278635893126
x54 = 4.93151394908422
x55 = 4.55904579570172
x56 = 0.390658294612806
x57 = -4.85140362023034
x58 = -3.53397215868756
x59 = -1.94039216765657
x60 = -0.237932883098958
x61 = -0.0422809192640808
x62 = -4.05075008876907
x63 = -5.70759932636518
x64 = -7.41140966340566
