----------
Gauss-Jacobi
x1 = -3.00680897845654
x2 = 2.79000522939379
x3 = -5.34726134563933
x4 = -2.82921475461982
