----------
Gauss-Jacobi
x1 = 4.33122344459856
x2 = 2.56552827542868
x3 = 1.44531953621209
