----------
Gauss-Jacobi
x1 = 5.27171911773257
x2 = 8.65815790799459
x3 = -3.46233033951678
x4 = 3.90346475964676
x5 = 5.60454888902344
x6 = -6.2517647870277
x7 = 6.73698463402278
x8 = -3.66832884171234
x9 = -1.60933512149957
x10 = -4.72407573897028
