----------
Gauss-Jacobi Otimizado
x1 = -6.97066885933095
x2 = -6.88442225199045
x3 = 1.340821575095
x4 = -6.77494140006455
x5 = 4.8420471452487
x6 = 9.68059428141785
x7 = -8.03858482344815
x8 = -7.09498268054116
x9 = -3.20188359510193
x10 = -0.114722795142876
x11 = -8.10431483287209
x12 = -9.01344067823596
x13 = 0.0219884954429712
