----------
Gauss-Jacobi
x1 = -8.98263202402958
x2 = -3.27564715577331
x3 = 5.75798108723659
x4 = 3.45429289736996
