----------
Gauss-Jacobi Otimizado
x1 = 1.54821297097402
x2 = 1.75757515362105
x3 = -1.81289988342602
x4 = -3.36313869853474
x5 = -5.83560346838077
x6 = -2.63618091235324
x7 = -8.62884910937327
x8 = -1.72956609156791
x9 = 2.15837556809493
x10 = -0.901073313823178
x11 = -8.79536341179218
x12 = 8.08248130068753
x13 = -4.92534401920978
x14 = 1.71018495993031
x15 = 9.41251807645649
x16 = -5.85814317357875
x17 = 7.08206008177655
x18 = -6.49959223332824
x19 = 2.67158020857354
x20 = -3.21999971715618
x21 = -9.54949141277813
x22 = -9.24986954404051
x23 = -9.22611859571792
x24 = -7.9194863867365
x25 = 0.698973517773891
x26 = 0.204056314331327
x27 = 7.59383061002862
x28 = -7.71199539476708
x29 = 4.76479187971298
x30 = 9.62167541305155
x31 = 0.191270046860821
x32 = -3.6869182362066
x33 = 1.37935637719395
x34 = 8.3782632617177
x35 = 2.94986193748482
x36 = 5.54366840173469
x37 = -4.257827811359
x38 = 4.32093040823085
x39 = -6.18581068307169
x40 = 7.9004665102596
x41 = -6.58002239816433
x42 = -4.98125125617683
x43 = 5.98301914118298
x44 = -1.50547262376964
x45 = 6.72882508628175
x46 = 5.3956302039402
x47 = 2.6362817962773
x48 = 3.81097828263557
x49 = 8.89596224626324
x50 = -4.69202201554914
x51 = -9.40892222715998
x52 = 9.34636378479522
x53 = -3.94198380055867
x54 = -8.63514466105888
x55 = -8.57300013691213
x56 = 6.75688898746431
x57 = 1.56883668685992
x58 = 9.02074307507871
x59 = 9.04481301420455
x60 = -3.66628150932163
x61 = 8.64250104081004
x62 = -0.763845701838825
x63 = 2.64670722422173
x64 = 0.0219590237417827
