----------
Gauss-Jacobi Otimizado
x1 = 7.16419738304524
x2 = -9.88504862823418
x3 = -9.64147461891238
x4 = 3.72955271061332
x5 = 6.83826318441092
x6 = -2.74257603798004
x7 = -1.77720506531857
x8 = -4.96559201279944
x9 = 0.478901401831274
x10 = 7.49673008922069
x11 = 6.49812381212563
x12 = -6.2343526030217
x13 = -1.80377868062538
x14 = -9.51020957926894
x15 = -4.71438345574718
x16 = 3.55943408584763
x17 = 4.2451758890281
x18 = 3.74424512716001
x19 = -1.28013779860375
x20 = -6.72527734073757
x21 = 0.383108846146742
x22 = 5.31212982734342
x23 = -3.73251268497256
x24 = 7.15162711764998
x25 = 0.959851371678299
x26 = 6.42029437030357
x27 = -8.40022270588105
x28 = -0.811010671697614
x29 = -4.91345012082185
x30 = -8.98777912911638
x31 = 1.15033737618319
x32 = -7.74907011165212
