----------
Gauss-Jacobi
x1 = 0.796355653817948
x2 = 5.01676553506034
x3 = 1.47044867500542
x4 = 3.22806393776232
x5 = 0.846425100872635
x6 = -5.85718276182407
x7 = 4.22438167455367
x8 = -8.40967688002419
