----------
Gauss-Jacobi
x1 = -2.7279967167395
x2 = -9.29620145505038
x3 = 7.92600032248869
x4 = -7.43212910720352
x5 = 6.66896314737159
