----------
Gauss-Jacobi Otimizado
x1 = -3.70276980642818
x2 = 7.19364128000019
x3 = 7.21931467685306
x4 = -3.6003958110879
x5 = 6.40304866744066
x6 = 2.31045809319686
x7 = -1.07439175844638
x8 = -6.85111872790471
x9 = 1.94099739494325
x10 = -6.82393305901551
