----------
Gauss-Jacobi
x1 = 7.76390916560635
x2 = -4.50427360244122
x3 = 4.8521415440621
x4 = 4.07579295540257
x5 = -7.75350116214817
x6 = -0.528919914239563
x7 = -9.62103314856418
x8 = 8.07282122149586
x9 = 6.09043465811092
x10 = 9.52707694858008
x11 = 7.83656615044767
x12 = -8.35015142120137
x13 = 7.48501791848474
x14 = -7.49648830989813
x15 = -1.94506006634884
x16 = -4.25362633331682
x17 = -9.17539772591898
x18 = -8.18496206278499
x19 = -5.28142953818973
x20 = 8.08934459903047
x21 = 7.51521611248922
x22 = -8.11545503797477
x23 = -0.995346389875149
x24 = 0.148906583864091
x25 = -5.92249255133193
x26 = -2.4518726096646
x27 = -9.09367214860536
x28 = -5.73198617745893
x29 = -8.27715129644135
x30 = 5.28172365631155
x31 = -6.75895868403177
x32 = 9.4866930477043
x33 = -9.22243301569258
x34 = 8.09311516660261
x35 = 3.56255379335791
x36 = -6.97601100796098
x37 = -2.43571734567946
x38 = 3.94141458983335
x39 = -8.90311968729921
x40 = -6.34516701666157
x41 = 3.46862642767747
x42 = 8.93340410679936
x43 = -4.69540845676944
x44 = 0.953754895073251
x45 = -8.56299710439366
x46 = 3.35942478514951
x47 = 6.69997865601283
x48 = -7.7385085008194
x49 = 5.17435233727224
x50 = -8.58132666091445
